(0, 1)
(0, 2)
(0, 5)
(1, 2)
(1, 3)
(1, 5)
(1, 23)
(2, 3)
(2, 23)
(3, 4)
(3, 5)
(3, 23)
(3, 24)
(3, 29)
(3, 30)
(3, 99)
(4, 5)
(4, 6)
(4, 18)
(4, 19)
(4, 21)
(4, 23)
(4, 24)
(4, 25)
(4, 30)
(5, 6)
(5, 7)
(5, 30)
(6, 7)
(6, 18)
(6, 19)
(7, 8)
(7, 9)
(7, 16)
(7, 17)
(7, 18)
(7, 25)
(7, 27)
(7, 30)
(8, 9)
(8, 10)
(8, 15)
(8, 16)
(8, 17)
(9, 10)
(9, 13)
(9, 15)
(9, 16)
(10, 11)
(10, 12)
(10, 13)
(10, 14)
(10, 15)
(10, 17)
(11, 12)
(11, 13)
(11, 14)
(11, 15)
(12, 13)
(12, 14)
(13, 14)
(13, 15)
(14, 15)
(14, 16)
(15, 16)
(15, 17)
(16, 17)
(16, 18)
(16, 25)
(16, 27)
(17, 18)
(18, 19)
(18, 20)
(18, 25)
(19, 20)
(19, 21)
(20, 21)
(20, 22)
(21, 22)
(21, 23)
(22, 23)
(22, 24)
(23, 24)
(23, 25)
(24, 25)
(24, 26)
(24, 29)
(25, 26)
(25, 27)
(25, 29)
(25, 30)
(26, 27)
(26, 28)
(26, 29)
(26, 30)
(26, 103)
(27, 28)
(27, 29)
(27, 30)
(27, 31)
(28, 29)
(28, 30)
(28, 31)
(28, 103)
(28, 105)
(29, 30)
(29, 31)
(29, 99)
(29, 100)
(29, 101)
(29, 103)
(29, 104)
(29, 105)
(30, 31)
(30, 32)
(31, 32)
(31, 33)
(31, 105)
(32, 33)
(32, 34)
(32, 105)
(33, 34)
(33, 92)
(33, 105)
(33, 231)
(33, 232)
(33, 233)
(34, 35)
(34, 36)
(34, 38)
(34, 231)
(34, 233)
(35, 36)
(35, 37)
(35, 38)
(35, 39)
(35, 233)
(36, 37)
(36, 38)
(36, 39)
(36, 40)
(37, 38)
(37, 39)
(37, 40)
(37, 41)
(38, 39)
(38, 40)
(38, 41)
(38, 42)
(38, 231)
(38, 233)
(38, 234)
(38, 237)
(39, 40)
(39, 41)
(39, 42)
(39, 43)
(39, 91)
(39, 92)
(39, 233)
(40, 41)
(40, 42)
(40, 43)
(40, 44)
(41, 42)
(41, 43)
(41, 44)
(41, 45)
(41, 237)
(42, 43)
(42, 44)
(42, 45)
(42, 46)
(42, 233)
(42, 236)
(42, 237)
(43, 44)
(43, 45)
(43, 46)
(43, 47)
(44, 45)
(44, 46)
(44, 47)
(44, 48)
(45, 46)
(45, 47)
(45, 48)
(45, 49)
(45, 237)
(45, 240)
(45, 241)
(45, 244)
(46, 47)
(46, 48)
(46, 49)
(46, 50)
(46, 84)
(46, 87)
(46, 91)
(46, 236)
(46, 240)
(47, 48)
(47, 49)
(47, 50)
(47, 51)
(47, 84)
(47, 88)
(48, 49)
(48, 50)
(48, 51)
(48, 52)
(48, 244)
(49, 50)
(49, 51)
(49, 52)
(49, 53)
(49, 80)
(49, 240)
(49, 244)
(49, 248)
(50, 51)
(50, 52)
(50, 53)
(50, 54)
(50, 81)
(50, 84)
(50, 85)
(51, 52)
(51, 53)
(51, 54)
(51, 55)
(52, 53)
(52, 54)
(52, 55)
(52, 56)
(52, 57)
(52, 244)
(52, 248)
(53, 54)
(53, 55)
(53, 56)
(53, 57)
(53, 77)
(53, 80)
(53, 81)
(53, 248)
(54, 55)
(54, 56)
(54, 57)
(54, 58)
(54, 81)
(55, 56)
(55, 57)
(55, 58)
(55, 59)
(56, 57)
(56, 58)
(56, 59)
(56, 60)
(56, 248)
(56, 252)
(57, 58)
(57, 59)
(57, 60)
(57, 74)
(57, 77)
(57, 78)
(57, 81)
(58, 59)
(58, 60)
(59, 60)
(59, 252)
(59, 255)
(60, 73)
(60, 74)
(60, 248)
(60, 251)
(60, 252)
(60, 255)
(69, 70)
(69, 71)
(69, 72)
(69, 258)
(70, 71)
(70, 72)
(70, 73)
(70, 74)
(70, 258)
(71, 72)
(71, 73)
(71, 74)
(71, 75)
(71, 120)
(71, 123)
(72, 73)
(72, 74)
(72, 75)
(72, 76)
(72, 120)
(72, 123)
(72, 124)
(72, 135)
(72, 258)
(73, 74)
(73, 75)
(73, 76)
(73, 77)
(73, 121)
(73, 124)
(73, 247)
(73, 250)
(73, 251)
(74, 75)
(74, 76)
(74, 77)
(74, 78)
(75, 76)
(75, 77)
(75, 78)
(75, 79)
(75, 116)
(75, 120)
(76, 77)
(76, 78)
(76, 79)
(76, 80)
(76, 117)
(76, 120)
(76, 121)
(76, 247)
(77, 78)
(77, 79)
(77, 80)
(77, 81)
(78, 79)
(78, 80)
(78, 81)
(78, 82)
(79, 80)
(79, 81)
(79, 82)
(79, 83)
(79, 113)
(79, 116)
(79, 117)
(80, 81)
(80, 82)
(80, 83)
(80, 84)
(80, 113)
(80, 243)
(80, 247)
(80, 248)
(81, 82)
(81, 83)
(81, 84)
(81, 85)
(82, 83)
(82, 84)
(82, 85)
(82, 86)
(83, 84)
(83, 85)
(83, 86)
(83, 87)
(83, 109)
(83, 110)
(83, 113)
(83, 243)
(84, 85)
(84, 86)
(84, 87)
(84, 88)
(85, 86)
(85, 87)
(85, 88)
(85, 89)
(86, 87)
(86, 88)
(86, 89)
(86, 90)
(86, 91)
(86, 96)
(86, 109)
(87, 88)
(87, 89)
(87, 90)
(87, 91)
(87, 109)
(88, 89)
(88, 90)
(89, 90)
(89, 91)
(89, 93)
(90, 91)
(90, 92)
(90, 93)
(90, 96)
(91, 92)
(91, 93)
(91, 96)
(91, 97)
(91, 236)
(92, 93)
(92, 94)
(92, 97)
(92, 99)
(92, 232)
(92, 233)
(93, 94)
(93, 95)
(93, 96)
(93, 97)
(94, 95)
(94, 96)
(94, 97)
(94, 98)
(94, 99)
(95, 96)
(95, 97)
(95, 98)
(95, 108)
(95, 109)
(96, 97)
(96, 98)
(96, 106)
(96, 107)
(96, 108)
(96, 109)
(97, 98)
(97, 99)
(97, 105)
(97, 106)
(97, 107)
(97, 108)
(98, 99)
(98, 100)
(98, 104)
(98, 105)
(98, 106)
(98, 108)
(98, 158)
(99, 100)
(99, 101)
(99, 104)
(99, 105)
(100, 101)
(100, 102)
(100, 103)
(100, 104)
(100, 158)
(101, 102)
(101, 103)
(102, 103)
(102, 104)
(102, 158)
(102, 159)
(102, 160)
(103, 104)
(103, 105)
(104, 105)
(104, 106)
(104, 157)
(104, 158)
(104, 159)
(104, 160)
(104, 164)
(105, 106)
(105, 107)
(106, 107)
(106, 108)
(106, 111)
(106, 154)
(106, 157)
(106, 158)
(107, 108)
(107, 109)
(107, 110)
(107, 111)
(108, 109)
(108, 110)
(108, 111)
(108, 112)
(108, 113)
(108, 115)
(108, 154)
(109, 110)
(109, 111)
(109, 112)
(109, 113)
(110, 111)
(110, 112)
(110, 113)
(110, 114)
(110, 225)
(110, 235)
(110, 236)
(110, 239)
(111, 112)
(111, 113)
(111, 114)
(111, 115)
(111, 150)
(111, 154)
(111, 157)
(111, 220)
(111, 225)
(112, 113)
(112, 114)
(112, 115)
(112, 116)
(113, 114)
(113, 115)
(113, 116)
(113, 117)
(113, 118)
(113, 243)
(113, 247)
(114, 115)
(114, 116)
(114, 117)
(114, 118)
(114, 119)
(114, 150)
(114, 216)
(114, 239)
(114, 243)
(114, 247)
(115, 116)
(115, 117)
(115, 119)
(115, 147)
(115, 150)
(116, 117)
(116, 118)
(116, 119)
(116, 120)
(117, 118)
(117, 119)
(117, 120)
(117, 121)
(117, 247)
(118, 119)
(118, 120)
(118, 121)
(118, 122)
(118, 146)
(118, 150)
(118, 213)
(119, 120)
(119, 121)
(119, 122)
(119, 123)
(119, 143)
(119, 146)
(119, 147)
(120, 121)
(120, 122)
(120, 123)
(120, 124)
(121, 122)
(121, 123)
(121, 124)
(121, 125)
(121, 209)
(121, 213)
(121, 246)
(121, 247)
(121, 250)
(122, 123)
(122, 124)
(122, 125)
(122, 126)
(122, 142)
(122, 143)
(122, 146)
(122, 178)
(122, 209)
(122, 213)
(123, 124)
(123, 125)
(123, 126)
(123, 127)
(123, 135)
(123, 143)
(124, 125)
(124, 126)
(124, 127)
(124, 128)
(124, 250)
(124, 251)
(124, 254)
(124, 255)
(124, 258)
(125, 126)
(125, 127)
(125, 128)
(125, 142)
(125, 182)
(125, 185)
(125, 186)
(125, 209)
(125, 250)
(126, 127)
(126, 128)
(126, 134)
(126, 135)
(126, 139)
(126, 142)
(126, 185)
(127, 128)
(127, 129)
(127, 130)
(127, 131)
(127, 132)
(127, 134)
(127, 135)
(127, 258)
(128, 129)
(128, 130)
(128, 186)
(128, 189)
(128, 205)
(128, 250)
(128, 254)
(128, 257)
(128, 258)
(129, 130)
(129, 131)
(129, 132)
(129, 192)
(129, 193)
(129, 258)
(129, 261)
(130, 131)
(130, 132)
(130, 258)
(131, 132)
(131, 133)
(131, 261)
(131, 265)
(131, 270)
(131, 272)
(131, 289)
(132, 133)
(132, 134)
(133, 134)
(133, 135)
(134, 135)
(134, 136)
(134, 139)
(135, 136)
(135, 139)
(136, 137)
(136, 138)
(136, 139)
(136, 140)
(137, 138)
(137, 139)
(137, 140)
(137, 141)
(138, 139)
(138, 140)
(138, 141)
(138, 142)
(138, 181)
(138, 184)
(138, 185)
(138, 188)
(139, 140)
(139, 141)
(139, 142)
(139, 143)
(140, 141)
(140, 142)
(140, 143)
(140, 144)
(141, 142)
(141, 143)
(141, 144)
(141, 145)
(141, 177)
(141, 181)
(142, 143)
(142, 144)
(142, 145)
(142, 146)
(142, 178)
(142, 181)
(142, 182)
(142, 185)
(143, 144)
(143, 145)
(143, 146)
(143, 147)
(144, 145)
(144, 146)
(144, 147)
(144, 148)
(144, 174)
(145, 146)
(145, 147)
(145, 148)
(145, 149)
(145, 174)
(145, 177)
(145, 178)
(146, 147)
(146, 148)
(146, 149)
(146, 150)
(146, 178)
(146, 213)
(147, 148)
(147, 149)
(147, 150)
(147, 151)
(148, 149)
(148, 150)
(148, 151)
(148, 152)
(148, 174)
(149, 150)
(149, 151)
(149, 152)
(149, 153)
(149, 171)
(149, 174)
(149, 175)
(149, 178)
(150, 151)
(150, 152)
(150, 153)
(150, 154)
(151, 152)
(151, 153)
(151, 154)
(151, 155)
(152, 153)
(152, 154)
(152, 155)
(152, 156)
(152, 167)
(152, 168)
(152, 170)
(152, 171)
(152, 174)
(153, 154)
(153, 155)
(153, 156)
(153, 157)
(153, 220)
(154, 155)
(154, 156)
(154, 157)
(154, 158)
(155, 156)
(155, 157)
(155, 158)
(155, 159)
(155, 167)
(156, 157)
(156, 158)
(156, 159)
(156, 164)
(156, 167)
(156, 168)
(156, 220)
(157, 158)
(157, 159)
(157, 164)
(157, 220)
(157, 225)
(158, 159)
(159, 160)
(159, 163)
(159, 164)
(159, 167)
(160, 161)
(160, 162)
(160, 163)
(160, 164)
(161, 162)
(161, 163)
(161, 164)
(161, 165)
(162, 163)
(162, 164)
(162, 165)
(162, 166)
(163, 164)
(163, 165)
(163, 166)
(163, 167)
(164, 165)
(164, 166)
(164, 167)
(164, 168)
(164, 224)
(164, 225)
(164, 226)
(165, 166)
(165, 167)
(165, 168)
(165, 169)
(166, 167)
(166, 168)
(166, 169)
(166, 170)
(167, 168)
(167, 169)
(167, 170)
(167, 171)
(168, 169)
(168, 170)
(168, 171)
(168, 172)
(168, 217)
(168, 220)
(168, 221)
(169, 170)
(169, 171)
(169, 172)
(169, 173)
(170, 171)
(170, 172)
(170, 173)
(170, 174)
(171, 172)
(171, 173)
(171, 174)
(171, 175)
(172, 173)
(172, 174)
(172, 175)
(172, 176)
(173, 174)
(173, 175)
(173, 176)
(173, 177)
(174, 175)
(174, 176)
(174, 177)
(174, 178)
(175, 176)
(175, 177)
(175, 178)
(175, 179)
(176, 177)
(176, 178)
(176, 179)
(176, 180)
(177, 178)
(177, 179)
(177, 180)
(177, 181)
(178, 179)
(178, 180)
(178, 181)
(178, 182)
(179, 180)
(179, 181)
(179, 182)
(179, 183)
(179, 210)
(179, 213)
(179, 214)
(180, 181)
(180, 182)
(180, 183)
(180, 184)
(181, 182)
(181, 183)
(181, 184)
(181, 185)
(182, 183)
(182, 184)
(182, 185)
(182, 186)
(182, 209)
(182, 210)
(183, 184)
(183, 185)
(183, 186)
(183, 187)
(183, 210)
(184, 185)
(184, 186)
(184, 187)
(184, 188)
(185, 186)
(185, 187)
(185, 188)
(185, 189)
(186, 187)
(186, 188)
(186, 189)
(186, 190)
(186, 202)
(186, 205)
(186, 206)
(186, 209)
(186, 210)
(186, 250)
(187, 188)
(187, 189)
(187, 190)
(187, 191)
(188, 189)
(188, 190)
(188, 191)
(188, 192)
(188, 277)
(188, 286)
(189, 190)
(189, 191)
(189, 192)
(189, 193)
(189, 202)
(190, 191)
(190, 192)
(190, 193)
(190, 199)
(190, 202)
(190, 203)
(191, 192)
(191, 193)
(191, 199)
(191, 275)
(191, 277)
(191, 286)
(191, 288)
(192, 193)
(192, 194)
(192, 272)
(192, 286)
(192, 287)
(192, 288)
(192, 289)
(193, 194)
(193, 195)
(193, 198)
(193, 199)
(193, 202)
(193, 257)
(193, 261)
(193, 288)
(193, 289)
(194, 195)
(194, 196)
(194, 198)
(194, 199)
(194, 261)
(194, 264)
(194, 289)
(195, 196)
(195, 197)
(195, 199)
(196, 197)
(196, 198)
(196, 199)
(196, 200)
(197, 198)
(197, 199)
(197, 200)
(197, 201)
(197, 256)
(197, 260)
(198, 199)
(198, 200)
(198, 201)
(198, 202)
(198, 257)
(198, 260)
(198, 261)
(199, 200)
(199, 201)
(199, 202)
(199, 203)
(199, 288)
(200, 201)
(200, 202)
(200, 203)
(200, 204)
(201, 202)
(201, 203)
(201, 204)
(201, 205)
(201, 253)
(201, 256)
(201, 257)
(201, 260)
(202, 203)
(202, 204)
(202, 205)
(202, 206)
(202, 257)
(203, 204)
(203, 205)
(203, 206)
(203, 207)
(204, 205)
(204, 206)
(204, 207)
(204, 208)
(204, 253)
(205, 206)
(205, 207)
(205, 208)
(205, 209)
(205, 250)
(205, 253)
(205, 254)
(205, 257)
(206, 207)
(206, 208)
(206, 209)
(206, 210)
(207, 208)
(207, 209)
(207, 210)
(207, 211)
(207, 212)
(208, 209)
(208, 210)
(208, 211)
(208, 212)
(208, 213)
(208, 245)
(208, 249)
(208, 250)
(208, 253)
(209, 210)
(209, 211)
(209, 212)
(209, 213)
(209, 214)
(209, 250)
(210, 211)
(210, 212)
(210, 213)
(210, 214)
(211, 212)
(211, 213)
(211, 214)
(211, 215)
(212, 213)
(212, 214)
(212, 215)
(212, 216)
(212, 242)
(212, 245)
(212, 246)
(213, 214)
(213, 215)
(213, 216)
(213, 217)
(213, 246)
(214, 215)
(214, 216)
(214, 217)
(214, 218)
(215, 216)
(215, 217)
(215, 218)
(215, 219)
(215, 242)
(216, 217)
(216, 218)
(216, 219)
(216, 220)
(216, 239)
(216, 242)
(216, 243)
(216, 246)
(217, 218)
(217, 219)
(217, 220)
(217, 221)
(218, 219)
(218, 220)
(218, 221)
(218, 222)
(219, 220)
(219, 221)
(219, 222)
(219, 223)
(219, 225)
(219, 230)
(219, 238)
(219, 239)
(219, 242)
(220, 221)
(220, 222)
(220, 223)
(220, 225)
(220, 226)
(221, 222)
(221, 223)
(221, 226)
(221, 227)
(222, 223)
(222, 224)
(222, 227)
(222, 228)
(222, 229)
(222, 230)
(223, 224)
(223, 225)
(223, 226)
(223, 227)
(223, 228)
(223, 230)
(224, 225)
(224, 226)
(224, 228)
(224, 230)
(224, 231)
(224, 232)
(224, 235)
(225, 226)
(225, 235)
(226, 227)
(226, 228)
(227, 228)
(227, 229)
(228, 229)
(228, 230)
(229, 230)
(229, 231)
(230, 231)
(230, 232)
(230, 234)
(230, 235)
(231, 232)
(231, 233)
(231, 234)
(231, 235)
(232, 233)
(232, 234)
(232, 235)
(232, 236)
(233, 234)
(233, 235)
(233, 236)
(233, 237)
(234, 235)
(234, 236)
(234, 237)
(234, 238)
(235, 236)
(235, 237)
(235, 238)
(235, 239)
(236, 237)
(236, 238)
(236, 239)
(236, 240)
(237, 238)
(237, 239)
(237, 240)
(237, 241)
(238, 239)
(238, 240)
(238, 241)
(238, 242)
(239, 240)
(239, 241)
(239, 242)
(239, 243)
(240, 241)
(240, 242)
(240, 243)
(240, 244)
(241, 242)
(241, 243)
(241, 244)
(241, 245)
(242, 243)
(242, 244)
(242, 245)
(242, 246)
(242, 247)
(243, 244)
(243, 245)
(243, 246)
(243, 247)
(243, 248)
(244, 245)
(244, 246)
(244, 247)
(244, 248)
(244, 249)
(245, 246)
(245, 247)
(245, 249)
(245, 250)
(246, 247)
(246, 248)
(246, 250)
(247, 248)
(247, 249)
(247, 250)
(247, 251)
(248, 249)
(248, 250)
(248, 251)
(248, 252)
(249, 250)
(249, 251)
(249, 252)
(249, 253)
(250, 251)
(250, 252)
(250, 253)
(250, 254)
(251, 252)
(251, 253)
(251, 254)
(251, 255)
(252, 253)
(252, 254)
(252, 255)
(252, 256)
(253, 254)
(253, 255)
(253, 256)
(253, 257)
(254, 255)
(254, 256)
(254, 257)
(254, 258)
(255, 256)
(255, 257)
(255, 258)
(255, 259)
(256, 257)
(256, 258)
(256, 259)
(256, 260)
(257, 258)
(257, 259)
(257, 260)
(257, 261)
(258, 259)
(258, 260)
(258, 261)
(258, 262)
(259, 260)
(259, 261)
(259, 262)
(259, 263)
(260, 261)
(260, 262)
(260, 263)
(260, 264)
(261, 262)
(261, 263)
(261, 264)
(261, 265)
(261, 289)
(262, 263)
(262, 264)
(262, 265)
(262, 266)
(263, 264)
(263, 265)
(263, 266)
(263, 267)
(264, 265)
(264, 266)
(264, 267)
(264, 268)
(264, 269)
(264, 289)
(264, 290)
(264, 291)
(265, 266)
(265, 267)
(265, 268)
(265, 269)
(265, 270)
(265, 289)
(266, 267)
(266, 268)
(266, 269)
(267, 268)
(267, 269)
(268, 269)
(268, 270)
(268, 271)
(268, 290)
(268, 291)
(269, 270)
(269, 271)
(270, 271)
(270, 272)
(270, 289)
(271, 272)
(271, 273)
(271, 288)
(271, 289)
(271, 290)
(271, 291)
(271, 292)
(272, 273)
(272, 274)
(272, 287)
(272, 288)
(272, 289)
(273, 274)
(273, 275)
(273, 286)
(273, 287)
(273, 288)
(273, 290)
(274, 275)
(274, 276)
(274, 285)
(274, 286)
(274, 287)
(275, 276)
(275, 277)
(275, 284)
(275, 285)
(275, 286)
(275, 288)
(276, 277)
(276, 284)
(277, 284)
(277, 286)
(284, 285)
(284, 286)
(285, 286)
(285, 287)
(286, 287)
(286, 288)
(287, 288)
(287, 289)
(288, 289)
(288, 290)
(289, 290)
(290, 291)
(290, 292)
(291, 292)
(292, 293)
